OPTIONS	20	
VEHICULES	996	
		
RATIO	POIDS	NOM
2 3	10	HPRC1
1 10	10	HPRC2
2 3	10	HPRC3
1 4	10	HPRC4
1 3	10	HPRC5
2 3	10	HPRC6
1 28	1	LPRC1
1 18	1	LPRC2
1 9	1	LPRC3
1 6	1	LPRC4
1 20	1	LPRC5
1 2	1	LPRC6
1 3	1	LPRC7
5 8	1	LPRC8
1 20	1	LPRC9
1 3	1	LPRC10
2 3	1	LPRC11
1 7	1	LPRC12
1 76	1	LPRC13
17 30	1	LPRC14

VEHICULE	HPRC1	HPRC2	HPRC3	HPRC4	HPRC5	HPRC6	LPRC1	LPRC2	LPRC3	LPRC4	LPRC5	LPRC6	LPRC7	LPRC8	LPRC9	LPRC10	LPRC11	LPRC12	LPRC13	LPRC14
1	0	0	0	0	0	0	0	0	0	0	0	1	0	0	0	0	0	0	0	1
2	1	0	1	0	0	1	0	0	0	0	0	0	0	0	0	0	1	0	0	1
3	1	0	1	0	1	1	0	0	0	0	0	0	0	0	0	0	0	0	0	1
4	0	0	0	0	0	0	0	0	0	1	0	1	0	0	0	0	1	0	0	1
5	1	0	1	1	0	1	0	0	0	0	0	0	0	0	0	0	1	0	0	1
6	0	0	1	0	1	1	0	0	0	0	0	0	0	0	0	0	0	0	0	1
7	1	0	0	0	0	0	0	0	0	0	0	0	0	1	0	0	0	0	0	0
8	1	0	1	0	0	1	0	0	0	0	0	1	0	0	0	0	1	0	0	1
9	0	0	1	0	1	1	0	0	0	0	0	0	0	0	0	0	0	0	0	1
10	1	0	0	0	0	0	0	0	0	0	0	1	1	1	0	0	1	0	0	0
11	1	0	1	1	0	1	0	0	0	0	0	0	0	0	0	0	1	0	0	1
12	0	0	1	0	1	1	0	0	0	0	0	0	0	1	0	0	0	0	0	0
13	0	0	0	0	0	0	0	0	0	1	0	0	0	1	0	0	0	0	0	0
14	1	0	1	0	0	1	0	0	0	0	0	0	0	1	0	0	1	0	0	0
15	1	0	1	1	0	1	0	0	0	0	0	0	0	0	0	0	1	0	0	1
16	0	0	0	0	0	0	0	0	0	0	0	0	0	1	0	0	0	0	0	0
17	1	0	1	0	1	1	0	0	0	0	0	0	0	0	0	0	0	0	0	1
18	1	0	1	1	0	1	0	0	0	0	0	0	0	0	0	0	1	0	0	1
19	0	0	0	0	0	0	0	0	0	1	0	0	0	1	0	0	0	0	0	0
20	1	1	1	0	1	0	0	0	1	0	0	1	0	1	0	0	1	0	0	0
21	0	0	0	0	0	0	0	0	0	0	0	0	0	1	0	0	0	0	0	0
22	1	0	1	1	0	1	0	1	0	0	0	1	0	0	0	1	1	0	0	1
23	0	0	1	0	1	1	0	0	0	0	0	0	0	0	0	0	0	0	0	1
24	1	0	0	0	0	0	0	0	0	0	0	0	0	1	0	0	0	1	0	0
25	0	0	1	0	0	1	1	0	0	0	0	0	0	1	0	0	1	0	0	0
26	1	0	1	1	1	1	0	0	0	0	0	1	0	0	0	1	1	0	0	1
27	1	0	0	0	0	0	0	0	0	1	0	0	0	1	0	0	0	0	0	0
28	0	0	1	0	0	1	0	0	0	0	0	0	0	0	0	0	1	0	0	1
29	1	0	1	0	1	1	0	0	0	0	0	0	0	1	0	0	0	0	0	0
30	0	0	0	0	0	0	0	0	0	0	0	0	0	1	0	0	0	0	0	0
31	1	0	1	1	0	1	0	0	0	0	0	0	0	0	0	0	1	0	0	1
32	1	1	0	0	1	0	0	0	1	0	0	1	1	1	0	0	1	0	0	0
33	0	0	0	0	0	0	0	0	0	1	0	0	0	1	0	0	0	0	0	0
34	1	0	1	0	1	1	0	0	0	0	0	0	0	0	0	0	0	0	0	1
35	1	0	1	1	0	1	0	0	0	0	0	0	0	0	0	0	1	0	0	1
36	0	0	0	0	0	0	0	0	0	0	0	0	0	1	0	0	0	0	0	0
37	1	0	1	0	1	1	0	0	0	0	0	0	0	1	0	0	0	0	0	0
38	1	0	1	0	0	1	0	0	0	0	0	0	0	0	0	1	1	0	0	1
39	0	0	0	0	0	0	0	0	0	1	0	0	0	1	0	0	0	0	0	0
40	0	0	1	0	1	1	0	0	0	0	0	0	0	0	0	0	0	0	0	1
41	1	0	1	1	0	1	0	0	0	0	0	0	0	0	0	0	1	0	0	1
42	0	0	0	0	0	0	0	0	0	0	0	0	0	1	0	0	0	0	0	0
43	0	0	1	0	1	1	0	0	0	0	0	0	0	0	0	0	0	0	0	1
44	1	0	1	1	0	1	0	0	0	0	0	0	0	0	0	0	1	0	0	1
45	0	0	0	0	0	0	0	0	0	1	0	0	0	1	0	0	0	0	0	0
46	1	0	1	0	1	1	0	0	0	0	0	0	0	1	0	0	0	0	0	0
47	1	0	1	1	0	1	0	0	0	0	0	0	0	0	0	0	1	0	0	1
48	0	0	0	0	0	0	0	0	0	0	0	0	1	1	0	0	0	0	0	0
49	0	0	1	0	1	1	0	0	0	0	0	0	0	0	0	0	0	0	0	1
50	1	0	1	1	0	1	0	0	0	0	0	0	0	0	0	0	1	0	0	1
51	1	0	0	0	0	0	0	0	0	1	0	1	0	0	0	0	1	0	0	1
52	0	0	1	0	1	1	0	0	0	0	0	0	0	0	0	0	0	0	0	1
53	1	0	0	0	0	0	0	0	0	0	0	0	0	1	0	0	0	0	0	0
54	1	0	1	1	0	1	0	0	0	0	0	1	0	0	0	0	1	0	0	1
55	0	0	1	0	1	1	0	0	0	0	0	0	0	0	0	0	0	0	0	1
56	1	0	0	0	0	0	0	0	0	0	0	0	0	1	0	0	0	0	0	0
57	0	0	1	0	0	1	1	0	0	0	0	0	0	1	0	0	1	0	0	0
58	1	1	1	1	1	1	0	0	1	0	0	1	0	0	0	1	1	0	0	1
59	0	0	0	0	0	0	0	0	0	1	0	0	0	1	0	0	0	0	0	0
60	1	0	1	1	0	1	0	0	0	0	0	0	0	0	0	0	1	0	0	1
61	1	0	1	0	1	1	0	0	0	0	0	0	0	0	0	0	0	0	0	1
62	0	0	0	0	0	0	0	0	0	0	0	0	0	1	0	0	0	0	0	0
63	0	0	0	0	0	0	0	0	0	0	0	0	0	1	0	0	0	0	0	0
64	1	0	1	1	0	1	0	0	0	0	0	0	0	0	0	0	1	0	0	1
65	0	0	1	0	1	1	0	0	0	0	0	0	0	0	0	0	0	0	0	1
66	1	0	0	0	0	0	0	0	0	0	0	1	0	0	0	0	1	0	1	0
67	0	0	1	0	0	0	0	0	0	0	0	0	0	1	0	0	0	1	0	0
68	1	1	1	1	1	1	0	0	1	0	0	1	0	0	0	0	1	0	0	1
69	0	0	0	0	0	0	0	0	0	0	0	0	0	1	0	0	0	0	0	0
70	0	0	0	0	0	0	0	0	0	1	0	0	0	1	0	0	0	0	0	0
71	1	0	1	0	1	1	0	0	0	0	0	0	0	1	0	0	0	0	0	0
72	1	0	1	1	0	1	0	0	0	0	0	0	0	0	0	0	1	0	0	1
73	0	0	0	0	0	0	0	0	0	0	0	1	0	1	0	0	0	0	0	0
74	1	0	1	0	1	1	0	0	0	0	0	0	0	0	0	0	0	0	0	1
75	1	0	1	0	0	1	0	0	0	0	0	0	0	0	0	0	1	0	0	1
76	0	0	0	0	0	0	0	0	0	0	0	1	0	1	0	0	0	0	0	0
77	1	0	1	1	0	1	0	0	0	0	0	0	0	0	0	0	1	0	0	1
78	1	0	1	0	1	1	0	0	0	0	0	0	0	0	0	0	0	0	0	1
79	0	0	0	0	0	0	0	0	0	1	0	0	0	1	0	0	0	0	0	0
80	1	0	1	1	0	1	0	0	0	0	0	0	0	0	0	0	1	0	0	1
81	1	1	1	0	1	1	0	0	1	0	0	1	0	0	0	1	1	0	0	1
82	0	0	0	0	0	0	0	0	0	0	0	0	0	1	0	0	0	0	0	0
83	0	0	1	0	0	1	0	0	0	0	0	1	0	0	0	0	1	0	0	1
84	1	0	1	0	1	1	0	0	0	0	0	0	0	0	0	0	0	0	0	1
85	0	0	0	0	0	0	0	0	0	1	0	0	0	1	0	0	1	0	0	0
86	1	0	1	1	0	1	0	0	0	0	0	0	0	0	0	0	1	0	0	1
87	1	0	1	0	1	1	0	0	0	0	0	0	0	0	0	0	0	0	0	1
88	0	0	0	0	0	0	0	0	0	0	0	0	0	1	0	0	0	0	0	0
89	1	0	1	1	0	1	0	0	0	0	0	0	0	0	0	0	1	0	0	1
90	1	0	1	0	1	1	0	0	0	0	0	0	0	0	0	0	0	0	0	1
91	0	0	0	0	0	0	0	0	0	0	0	0	0	1	0	0	0	0	0	0
92	0	0	1	0	0	1	1	0	0	0	0	0	0	1	0	0	1	0	0	0
93	1	1	1	1	1	1	0	0	1	0	0	1	0	0	0	1	1	0	0	1
94	1	0	0	0	0	0	0	0	0	0	0	0	1	1	0	0	0	0	0	0
95	0	0	0	0	0	0	0	0	0	0	0	0	0	1	0	0	0	0	0	0
96	1	0	1	0	1	1	0	0	0	0	0	0	0	0	0	0	0	0	0	1
97	1	0	1	1	0	1	0	0	0	0	0	0	0	0	0	0	1	0	0	1
98	0	0	0	0	0	0	0	0	0	0	0	0	0	1	0	0	0	0	0	0
99	0	0	0	0	0	0	0	0	0	0	0	0	1	1	0	0	0	0	0	0
100	1	0	1	0	1	1	0	0	0	0	0	0	0	1	0	0	0	0	0	0
101	1	0	1	1	0	1	0	0	0	0	0	0	0	0	0	1	1	0	0	1
102	0	0	0	0	0	0	0	0	0	1	0	0	0	1	0	0	0	0	0	0
103	1	0	1	0	1	1	0	0	0	0	0	0	0	0	0	0	1	0	0	1
104	1	0	1	0	0	1	0	0	0	0	0	1	0	0	0	0	0	0	0	1
105	0	0	0	0	0	0	0	0	0	0	0	0	0	1	0	0	0	0	0	0
106	1	1	1	0	1	1	0	0	1	0	0	1	0	0	0	1	1	0	0	1
107	1	0	1	1	0	1	0	0	0	0	0	0	0	0	0	0	1	0	0	1
108	0	0	0	0	0	0	0	0	0	0	0	0	1	1	0	0	0	0	0	0
109	1	0	1	0	1	1	0	0	0	0	0	0	0	0	0	0	0	0	0	1
110	1	0	1	0	0	1	0	0	0	0	0	1	0	0	0	0	1	0	0	1
111	0	0	0	0	0	0	0	0	0	1	0	0	0	1	0	0	0	0	0	0
112	1	0	1	0	1	1	0	0	0	0	0	0	0	0	0	0	0	0	0	1
113	1	0	1	1	0	1	0	0	0	0	0	0	0	0	0	0	1	0	0	1
114	0	0	0	0	0	0	0	0	0	0	0	0	0	1	0	0	0	0	0	0
115	1	0	1	0	1	1	0	0	0	0	0	0	0	1	0	0	0	0	0	0
116	0	0	0	0	0	0	0	0	0	0	0	0	1	1	0	0	0	0	0	0
117	1	0	1	1	0	1	0	0	0	0	0	0	0	0	0	0	1	0	0	1
118	1	0	1	0	1	1	0	0	0	0	0	0	0	0	0	0	0	0	0	1
119	0	0	0	0	0	0	0	0	0	1	0	0	1	1	0	0	0	0	0	0
120	0	0	0	0	0	0	0	0	0	0	0	0	0	1	0	0	0	0	0	0
121	1	1	1	1	1	1	0	0	1	0	0	1	0	0	0	0	1	0	0	1
122	0	0	1	0	0	1	1	0	0	0	0	0	0	1	0	0	1	0	0	0
123	0	0	0	0	0	0	0	0	0	0	0	0	0	1	0	0	0	0	0	0
124	1	0	1	0	1	1	0	0	0	0	0	0	0	0	0	0	0	0	0	1
125	1	0	1	1	0	1	0	0	0	0	0	0	0	0	0	0	1	0	0	1
126	0	0	0	0	0	0	0	0	0	1	0	1	0	0	0	0	1	0	0	1
127	1	0	1	0	1	1	0	0	0	0	0	0	0	0	0	0	0	0	0	1
128	0	0	0	0	0	0	0	0	0	0	0	0	0	1	0	0	0	0	0	0
129	1	0	1	1	0	1	0	0	0	0	0	0	0	0	0	0	1	0	0	1
130	1	0	0	0	1	0	0	0	0	0	0	0	1	1	0	0	0	0	0	0
131	0	0	1	0	0	1	0	0	0	0	0	0	0	0	0	0	1	0	0	1
132	0	0	0	0	0	0	0	0	0	0	0	0	0	1	0	0	0	0	0	0
133	1	1	1	1	1	1	0	0	1	0	0	1	0	0	0	0	1	0	0	1
134	1	0	0	0	0	0	0	0	0	0	0	0	0	1	0	0	0	0	0	0
135	0	0	1	0	0	0	0	0	0	0	0	0	0	1	0	0	1	1	0	0
136	0	0	1	0	1	1	0	0	0	0	0	0	0	0	0	0	0	0	0	1
137	0	0	0	0	0	0	0	0	0	1	0	0	0	1	0	0	0	0	0	0
138	1	0	1	1	0	1	0	0	0	0	0	0	0	0	0	0	1	0	0	1
139	1	0	1	0	1	1	0	0	0	0	0	0	0	0	0	0	0	0	0	1
140	0	0	0	0	0	0	0	0	0	0	0	0	0	1	0	0	0	0	0	0
141	0	0	1	0	0	1	0	0	0	0	0	1	0	0	0	0	1	0	0	1
142	1	0	1	0	1	1	0	0	0	0	0	0	0	0	0	0	0	0	0	1
143	0	0	0	0	0	0	0	0	0	1	0	0	0	0	0	0	0	0	1	0
144	1	0	1	1	0	1	0	0	0	0	0	0	0	0	0	0	1	0	0	1
145	0	1	1	0	1	1	0	0	1	0	0	1	0	1	0	1	1	0	0	0
146	1	0	0	0	0	0	0	0	0	0	0	0	0	1	0	0	0	0	0	0
147	0	0	1	0	1	1	0	0	0	0	0	0	0	0	0	0	0	0	0	1
148	1	0	1	1	0	1	0	0	0	0	0	0	0	0	0	0	1	0	0	1
149	0	0	0	0	0	0	0	0	0	1	0	0	0	1	0	0	0	0	0	0
150	1	0	1	0	1	1	0	0	0	0	0	0	0	1	0	0	0	0	0	0
151	0	0	0	0	0	0	0	0	0	0	0	0	0	1	0	0	0	0	0	0
152	1	0	1	1	0	1	0	0	0	0	0	0	0	0	0	0	1	0	0	1
153	1	0	1	0	1	1	0	0	0	0	0	0	0	0	0	0	0	0	0	1
154	0	0	0	0	0	0	0	0	0	0	0	0	0	1	0	0	0	0	0	0
155	0	0	1	0	0	1	1	0	0	0	0	0	0	1	0	0	1	0	0	0
156	1	1	1	1	1	1	0	0	1	0	0	1	0	0	0	0	1	0	0	1
157	0	0	0	0	0	0	0	0	0	0	0	0	0	1	0	0	0	0	0	0
158	1	0	0	0	1	0	0	0	0	0	0	0	1	1	0	0	0	0	0	0
159	0	0	0	0	0	0	0	0	0	1	0	0	0	1	0	0	0	0	0	0
160	1	0	1	1	0	1	0	0	0	0	0	0	0	0	0	0	1	0	0	1
161	1	0	1	0	1	1	0	0	0	0	0	0	0	0	0	0	0	0	0	1
162	0	0	0	0	0	0	0	0	0	0	0	1	1	1	0	0	0	0	0	0
163	1	0	1	1	0	1	0	0	0	0	0	0	0	0	0	0	1	0	0	1
164	0	0	1	0	1	1	0	0	0	0	0	0	0	0	0	0	0	0	0	1
165	1	0	0	0	0	0	0	0	0	1	0	1	0	0	0	0	0	0	0	1
166	0	0	1	0	0	0	0	0	0	0	0	0	0	0	0	0	0	1	0	1
167	1	0	1	1	0	1	0	0	0	0	0	0	0	0	0	0	1	0	0	1
168	1	1	0	0	1	0	0	0	1	0	0	1	1	1	0	0	1	0	0	0
169	0	0	0	0	0	0	0	0	0	0	0	0	0	1	0	0	0	0	0	0
170	1	0	1	0	0	1	0	0	0	0	0	1	0	0	0	0	1	0	0	1
171	1	0	1	1	0	1	0	0	0	0	0	0	0	0	0	0	1	0	0	1
172	0	0	0	0	0	0	0	0	0	0	0	0	1	1	0	0	0	0	0	0
173	0	0	1	0	1	1	0	0	0	0	0	0	0	1	0	0	0	0	0	0
174	0	0	0	0	0	0	0	0	0	0	0	0	0	1	0	0	0	0	0	0
175	1	0	1	1	0	1	0	0	0	0	0	1	0	0	0	0	1	0	0	1
176	1	0	1	0	1	1	0	0	0	0	0	0	0	1	0	0	0	0	0	0
177	0	0	0	0	0	0	0	0	0	1	0	0	0	1	0	0	0	0	0	0
178	0	0	0	0	0	1	0	0	0	0	0	0	0	0	0	0	0	0	0	1
179	1	1	1	1	1	1	0	0	1	0	0	1	0	0	0	0	1	0	0	1
180	1	0	0	0	0	0	0	0	0	0	0	1	0	0	0	0	1	0	0	1
181	0	0	1	0	0	1	1	0	0	0	0	0	0	1	0	0	1	1	0	0
182	1	0	1	0	1	1	0	0	0	0	0	0	0	1	0	0	0	0	0	0
183	0	0	0	0	0	0	0	0	0	0	0	0	0	1	0	0	0	0	0	0
184	1	0	1	1	0	1	0	0	0	0	0	0	0	0	0	0	1	0	0	1
185	1	0	1	0	0	1	0	1	0	0	0	1	0	1	0	1	1	0	0	0
186	0	0	0	0	0	0	0	0	0	0	0	0	0	1	0	0	0	0	0	0
187	1	0	1	0	1	1	0	0	0	0	0	0	0	0	0	0	0	0	0	1
188	1	0	1	1	0	1	0	0	0	0	0	0	0	0	0	0	1	0	0	1
189	0	0	0	0	0	0	0	0	0	1	0	0	0	0	0	0	0	0	0	1
190	1	0	1	0	1	1	0	0	0	0	0	0	0	0	0	0	0	0	0	1
191	1	0	0	0	0	0	0	0	0	0	0	0	0	1	0	0	0	0	0	0
192	0	1	1	0	1	1	0	0	1	0	0	1	0	1	0	0	1	0	0	0
193	1	0	1	1	0	1	0	0	0	0	0	0	0	0	0	0	1	0	0	1
194	1	0	0	0	0	0	0	0	0	0	0	1	0	1	0	0	0	0	0	0
195	0	0	1	0	1	1	0	0	0	0	0	0	0	0	0	0	0	0	0	1
196	1	0	1	1	0	1	0	0	0	0	0	0	0	0	0	0	1	0	0	1
197	1	0	0	0	0	0	0	0	0	1	0	1	0	0	0	0	0	0	0	1
198	0	0	1	0	1	1	0	0	0	0	0	0	0	0	0	0	0	0	0	1
199	0	0	0	0	0	0	0	0	0	0	0	0	0	1	0	0	0	0	0	0
200	1	0	1	1	0	1	0	0	0	0	0	0	0	0	0	0	1	0	0	1
201	1	0	1	0	1	1	0	0	0	0	0	0	0	1	0	0	0	0	0	0
202	0	0	0	0	0	0	0	0	0	0	0	0	0	1	0	0	0	0	0	0
203	1	0	0	0	0	0	0	0	0	0	0	0	1	1	0	0	0	0	0	0
204	1	0	1	1	0	1	0	0	0	0	0	0	0	0	0	0	1	0	0	1
205	0	1	0	0	1	1	0	0	1	0	0	1	0	0	0	0	1	0	0	1
206	1	0	1	0	0	0	0	0	0	0	0	0	0	1	0	0	0	1	0	0
207	0	0	0	0	0	0	0	0	0	0	0	0	1	1	0	0	0	0	0	0
208	1	0	1	1	0	1	0	0	0	0	0	1	0	0	0	1	1	0	0	1
209	1	0	1	0	1	1	0	0	0	0	0	0	0	1	0	0	0	0	0	0
210	0	0	0	0	0	0	0	0	0	1	0	0	0	1	0	0	0	0	0	0
211	0	0	0	0	0	0	1	0	0	0	0	0	0	1	0	0	1	0	0	0
212	1	0	1	0	1	1	0	0	0	0	0	0	0	0	0	0	0	0	0	1
213	1	0	0	0	0	1	0	0	0	0	0	0	0	0	0	0	1	0	0	1
214	0	0	1	0	0	0	0	0	0	0	0	0	0	0	0	0	0	1	0	1
215	1	1	1	1	1	1	0	0	1	0	0	1	0	0	0	0	1	0	0	1
216	0	0	0	0	0	0	0	0	0	1	0	0	0	1	0	0	0	0	0	0
217	1	0	1	0	0	1	0	0	0	0	0	1	0	1	0	0	1	0	0	0
218	0	0	1	0	1	1	0	0	0	0	0	0	0	0	0	0	0	0	0	1
219	0	0	0	0	0	0	0	0	0	0	0	0	0	1	0	0	1	0	0	0
220	1	0	1	1	0	1	0	0	0	0	0	0	0	0	0	0	1	0	0	1
221	0	0	1	0	1	1	0	0	0	0	0	0	0	0	0	0	0	0	0	1
222	1	0	0	0	0	0	0	1	0	1	0	1	0	1	0	0	1	0	0	0
223	0	0	0	0	0	0	0	0	0	0	0	0	1	1	0	0	0	0	0	0
224	1	0	1	1	0	1	0	0	0	0	0	0	0	0	0	0	1	0	0	1
225	0	0	1	0	0	0	0	0	0	0	0	0	0	0	0	0	0	1	0	1
226	0	1	0	0	1	1	0	0	1	0	0	1	0	1	0	1	1	0	0	0
227	0	0	0	0	0	0	0	0	0	0	0	0	0	1	0	0	0	0	0	0
228	1	0	1	1	0	1	0	0	0	0	0	0	0	0	0	0	1	0	0	1
229	1	0	1	0	1	1	0	0	0	0	0	0	0	1	0	0	0	0	0	0
230	0	0	0	0	0	0	0	0	0	0	0	0	0	1	0	0	0	0	0	0
231	0	0	0	0	0	0	0	0	0	0	0	0	1	1	0	0	0	0	0	0
232	1	0	1	1	0	1	0	0	0	0	0	0	0	0	0	0	1	0	0	1
233	1	0	1	0	1	1	0	0	0	0	0	0	0	0	0	0	0	0	0	1
234	0	0	0	0	0	0	0	0	0	1	0	1	0	0	0	0	1	0	0	1
235	1	0	1	1	0	1	0	0	0	0	0	0	0	0	0	0	1	0	0	1
236	0	0	1	0	1	1	0	0	0	0	0	0	0	0	0	0	0	0	0	1
237	1	0	0	0	0	0	0	0	0	0	0	0	1	1	0	0	0	0	0	0
238	0	0	1	0	0	0	0	0	0	0	0	0	0	1	0	0	1	1	0	0
239	1	1	1	1	1	1	0	0	1	0	0	1	0	0	0	0	1	0	0	1
240	1	0	0	0	0	0	0	0	0	1	0	0	0	1	0	0	0	0	0	0
241	0	0	1	0	0	1	1	0	0	0	0	0	0	1	0	0	1	0	0	0
242	1	0	1	0	1	1	0	0	0	0	0	0	0	0	0	0	0	0	0	1
243	0	0	0	0	0	0	0	0	0	0	0	0	1	0	0	0	0	0	0	1
244	1	0	1	1	0	1	0	0	0	0	0	0	0	0	0	0	1	0	0	1
245	1	0	1	0	1	1	0	0	0	0	0	0	0	0	0	0	1	0	0	1
246	0	0	0	0	0	0	0	0	0	1	0	0	0	1	0	0	0	0	0	0
247	1	0	1	0	0	1	0	0	0	0	0	1	0	0	0	0	1	0	0	1
248	0	0	0	0	0	0	0	0	0	0	0	0	1	1	0	0	0	0	0	0
249	1	1	1	1	1	1	0	0	1	0	0	1	0	0	0	0	1	0	0	1
250	1	0	1	0	0	1	0	0	0	0	0	0	0	0	0	0	1	0	0	1
251	0	0	0	0	0	0	0	0	0	0	0	0	0	1	0	0	0	0	0	0
252	1	0	1	0	1	1	0	0	0	0	0	0	0	1	0	0	0	0	0	0
253	1	0	1	1	0	1	0	0	0	0	0	0	0	0	0	0	1	0	0	1
254	0	0	0	0	0	0	0	0	0	1	0	0	0	1	0	0	0	0	0	0
255	1	0	1	0	1	1	0	0	0	0	0	0	0	1	0	0	0	0	0	0
256	1	0	1	0	0	1	0	0	0	0	0	1	0	0	0	0	1	0	0	1
257	0	0	0	0	0	0	0	0	0	0	0	0	1	1	0	0	0	0	0	0
258	1	0	1	1	0	1	0	0	0	0	0	0	0	0	0	0	1	0	0	1
259	1	0	1	0	1	1	0	0	0	0	0	0	0	0	0	0	0	0	0	1
260	0	0	0	0	0	0	0	0	0	1	0	0	0	1	0	0	0	0	0	0
261	0	0	0	0	0	0	0	0	0	0	0	0	0	1	0	0	0	0	0	0
262	1	0	1	0	0	1	0	0	0	0	0	0	0	1	0	0	1	0	0	0
263	1	1	1	1	1	1	0	0	1	0	0	1	0	0	0	0	1	0	0	1
264	0	0	0	0	0	0	0	0	0	0	0	0	0	1	0	0	0	0	0	0
265	1	0	1	0	0	1	0	0	0	0	0	1	0	0	0	0	1	0	0	1
266	0	0	1	0	0	1	1	0	0	0	0	0	0	0	0	0	1	1	0	1
267	0	0	0	0	1	0	0	0	0	0	0	0	1	1	0	0	0	0	0	0
268	1	0	1	1	0	1	0	0	0	0	0	0	0	0	0	0	1	0	0	1
269	1	0	0	0	0	0	0	0	0	1	0	0	0	1	0	0	0	0	0	0
270	0	0	1	0	1	1	0	0	0	0	0	0	0	0	0	0	0	0	0	1
271	1	0	1	0	0	1	0	0	0	0	0	0	0	0	0	0	1	0	0	1
272	0	0	0	0	0	0	0	0	0	0	0	0	0	1	0	0	0	0	0	0
273	1	1	1	1	1	1	0	0	1	0	0	1	0	0	0	0	1	0	0	1
274	1	0	1	0	0	1	0	0	0	0	0	0	0	1	0	0	1	0	0	0
275	0	0	0	0	0	0	0	0	0	0	0	1	0	1	0	0	0	0	0	0
276	1	0	1	0	0	1	0	0	0	0	0	0	0	1	0	0	1	0	0	0
277	0	0	1	0	1	1	0	0	0	0	0	0	0	0	0	0	0	0	0	1
278	1	0	0	0	0	0	0	0	0	0	0	1	1	1	0	0	0	0	0	0
279	1	0	1	1	0	1	0	0	0	0	0	0	0	0	0	0	1	0	0	1
280	0	0	1	0	1	1	0	0	0	0	0	0	0	0	0	0	0	0	0	1
281	1	0	0	0	0	0	0	0	0	1	0	1	0	0	0	0	0	0	0	1
282	0	0	0	0	1	1	0	0	0	0	0	0	0	0	0	0	1	0	0	1
283	1	0	1	1	0	1	0	0	0	0	0	0	0	0	0	0	1	0	0	1
284	0	0	0	0	0	0	0	0	0	0	0	0	0	1	0	0	0	1	0	0
285	1	0	1	0	1	1	0	0	0	0	0	0	0	1	0	0	0	0	0	0
286	0	0	0	0	0	0	0	0	0	0	0	0	0	1	0	0	0	0	0	0
287	1	0	1	1	0	1	0	0	0	0	0	1	0	0	0	0	1	0	0	1
288	1	0	1	0	1	1	0	0	0	0	0	0	0	0	0	0	0	0	0	1
289	0	0	0	0	0	0	0	0	0	1	0	0	0	1	0	0	1	0	0	0
290	1	0	1	0	1	1	0	0	0	0	0	0	0	1	0	0	0	0	0	0
291	1	0	1	1	0	1	0	0	0	0	0	0	0	0	0	0	1	0	0	1
292	0	0	0	0	0	0	0	0	0	0	0	0	0	1	0	0	0	0	0	0
293	0	1	1	0	1	1	0	0	1	0	0	1	1	0	0	0	1	0	0	1
294	1	0	1	1	0	1	0	0	0	0	0	0	0	0	0	0	1	0	0	1
295	1	0	0	0	0	0	0	0	0	0	0	0	0	1	0	0	0	0	0	0
296	0	0	0	0	0	0	1	0	0	0	0	0	1	1	0	0	0	0	0	0
297	1	0	1	0	0	1	0	0	0	0	0	1	0	0	0	0	1	0	0	1
298	0	0	1	0	1	1	0	0	0	0	0	0	0	0	0	0	0	0	0	1
299	0	0	0	0	0	0	0	0	0	0	0	0	0	1	0	0	0	0	0	0
300	1	0	1	1	0	1	0	0	0	0	0	0	0	0	0	0	1	0	0	1
301	1	0	1	0	1	1	0	0	0	0	0	0	0	1	0	0	0	0	0	0
302	0	0	0	0	0	0	0	0	0	0	0	0	0	1	0	0	0	0	0	0
303	1	0	1	0	0	0	0	0	0	0	0	1	0	1	0	0	0	0	0	0
304	0	0	0	0	0	0	0	0	0	0	0	0	1	1	0	0	0	0	0	0
305	1	1	1	1	1	1	0	0	1	0	0	1	0	0	0	0	1	0	0	1
306	1	0	0	0	0	0	0	0	0	1	0	0	0	0	0	0	1	0	1	0
307	0	0	1	0	0	0	0	0	0	0	0	0	0	0	0	0	0	1	0	1
308	1	0	1	0	1	1	0	0	0	0	0	0	0	0	0	0	0	0	0	1
309	0	0	0	0	0	0	0	0	0	0	0	0	0	0	0	0	0	0	0	1
310	1	0	1	1	0	1	0	0	0	0	0	0	0	0	0	0	1	0	0	1
311	0	0	1	0	1	1	0	0	0	0	0	0	0	0	0	0	0	0	0	1
312	1	0	0	0	0	0	0	0	0	1	0	1	0	1	0	0	0	0	0	0
313	0	0	1	0	0	1	0	0	0	0	0	0	0	1	0	0	0	0	0	0
314	1	0	1	1	0	1	0	0	0	0	0	0	0	0	0	0	1	0	0	1
315	1	1	0	0	1	0	0	0	1	0	0	1	1	1	0	0	1	0	0	0
316	0	0	1	0	0	0	0	0	0	0	0	0	0	1	0	0	0	1	0	0
317	0	0	0	0	0	0	0	0	0	0	0	0	0	1	0	0	0	0	0	0
318	1	0	1	1	0	1	0	0	0	0	0	0	0	0	0	0	1	0	0	1
319	1	0	1	0	1	1	0	0	0	0	0	0	0	0	0	0	1	0	0	1
320	0	0	0	0	0	0	0	0	0	0	0	0	0	1	0	0	0	0	0	0
321	1	0	1	1	0	1	0	0	0	0	0	0	0	0	0	0	1	0	0	1
322	1	0	1	0	1	1	0	0	0	0	0	0	0	0	0	0	0	0	0	1
323	0	0	0	0	0	0	0	0	0	1	0	0	0	1	0	0	0	0	0	0
324	0	0	0	0	0	0	1	0	0	0	0	0	1	1	0	0	0	0	0	0
325	1	0	1	1	0	1	0	0	0	0	0	0	0	0	0	0	1	0	0	1
326	0	0	0	0	1	1	0	0	0	0	0	0	0	1	0	0	0	0	0	0
327	0	0	0	0	0	0	0	0	0	0	0	0	0	1	0	0	0	0	0	0
328	0	0	0	0	0	1	0	0	0	0	0	0	0	1	0	0	0	0	0	0
329	1	1	1	1	1	1	0	0	1	0	0	1	0	0	0	0	1	0	0	1
330	0	0	1	0	0	0	0	0	0	0	0	0	0	0	0	0	0	1	0	1
331	0	0	0	0	0	0	0	0	0	1	0	0	0	1	0	0	0	0	0	0
332	0	0	1	0	1	1	0	0	0	0	0	0	0	0	0	0	0	0	0	1
333	1	0	1	1	0	1	0	0	0	0	0	0	0	0	0	0	1	0	0	1
334	0	0	0	0	0	0	0	0	0	0	0	0	1	1	0	0	0	0	0	0
335	1	0	1	0	0	1	0	0	0	0	0	1	0	1	0	0	1	0	0	0
336	1	0	1	0	1	1	0	0	0	0	0	0	0	0	0	0	0	0	0	1
337	0	0	0	0	0	0	0	0	0	0	0	0	0	0	0	0	0	0	0	1
338	1	0	1	1	0	1	0	0	0	0	0	0	0	0	0	0	1	0	0	1
339	1	1	0	0	1	0	0	0	1	1	0	1	0	1	0	0	1	0	0	0
340	0	0	0	0	0	0	0	0	0	0	0	0	0	1	0	0	0	0	0	0
341	1	0	1	1	0	1	0	0	0	0	0	0	0	0	0	0	1	0	0	1
342	1	0	1	0	1	1	0	0	0	0	0	0	0	0	0	0	0	0	0	1
343	0	0	0	0	0	0	0	0	0	0	0	0	1	1	0	0	0	0	0	0
344	1	0	1	1	0	1	0	0	0	0	0	0	0	0	0	0	1	0	0	1
345	0	0	1	0	1	1	0	0	0	0	0	0	0	0	0	0	0	0	0	1
346	1	0	0	0	0	0	0	0	0	0	0	1	0	1	0	0	0	0	0	0
347	0	0	0	0	0	0	0	0	0	1	0	0	0	1	0	0	0	0	0	0
348	1	0	1	0	1	1	0	0	0	0	0	0	0	1	0	0	0	0	0	0
349	1	0	1	1	0	1	0	0	0	0	0	1	0	0	0	1	1	0	0	1
350	0	0	0	0	0	0	0	0	0	0	0	0	0	1	0	0	1	0	0	0
351	1	0	1	0	1	1	0	0	0	0	0	0	0	0	0	0	0	0	0	1
352	0	0	0	0	0	1	1	0	0	0	0	0	0	0	0	1	1	0	0	1
353	0	0	0	0	0	0	0	0	0	1	0	0	0	1	0	0	0	0	0	0
354	1	1	0	0	1	0	0	0	1	0	0	1	1	1	0	0	1	0	0	0
355	1	0	1	1	0	1	0	0	0	0	0	0	0	0	0	0	1	0	0	1
356	0	0	1	0	0	0	0	0	0	0	0	0	0	0	0	0	0	1	0	1
357	0	0	0	0	0	0	0	0	0	0	0	0	0	1	0	0	0	0	0	0
358	0	0	1	0	1	1	0	0	0	0	0	0	0	0	0	0	0	0	0	1
359	1	0	1	1	0	1	0	0	0	0	0	0	0	0	0	0	1	0	0	1
360	0	0	0	0	0	0	0	0	0	0	0	0	0	1	0	0	1	0	0	0
361	0	0	1	0	1	1	0	0	0	0	0	0	0	1	0	0	0	0	0	0
362	1	0	1	1	0	1	0	0	0	0	0	0	0	0	0	0	1	0	0	1
363	0	0	0	0	0	0	0	0	0	0	0	0	0	1	0	0	0	0	0	0
364	1	1	0	0	1	1	0	0	1	0	0	1	0	1	0	0	1	0	0	0
365	0	0	0	0	0	0	0	0	0	0	0	0	0	1	0	0	0	0	0	0
366	1	0	1	1	0	1	0	0	0	0	0	0	0	0	0	0	1	0	0	1
367	1	0	1	0	1	1	0	0	0	0	0	0	0	0	0	0	1	0	0	1
368	0	0	0	0	0	0	0	0	0	1	0	0	0	1	0	0	0	0	0	0
369	0	0	0	0	0	0	0	0	0	0	0	0	1	1	0	0	0	0	0	0
370	1	0	1	1	0	1	0	0	0	0	0	0	0	0	0	0	1	0	0	1
371	1	0	1	0	1	1	0	0	0	0	0	0	0	0	0	0	0	0	0	1
372	0	0	0	0	0	0	0	0	0	0	0	0	1	1	0	0	0	0	0	0
373	0	0	1	0	0	0	0	0	0	0	0	1	0	1	0	0	0	1	0	0
374	1	0	1	1	0	1	0	0	0	0	0	0	0	0	0	0	1	0	0	1
375	1	1	0	0	1	0	0	0	1	1	0	1	0	1	0	0	1	0	0	0
376	0	0	0	0	0	0	0	0	0	0	0	0	0	1	0	0	0	0	0	0
377	1	0	1	1	0	1	0	0	0	0	0	1	0	0	0	0	1	0	0	1
378	1	0	1	0	1	1	0	0	0	0	0	0	0	0	0	0	0	0	0	1
379	0	0	0	0	0	0	0	0	0	0	0	0	0	1	0	0	1	0	0	0
380	1	0	1	1	0	1	0	0	0	0	0	0	0	0	0	0	1	0	0	1
381	0	0	1	0	1	1	0	0	0	0	0	0	0	0	0	0	0	0	0	1
382	1	0	0	0	0	0	0	0	0	1	0	0	0	1	0	0	0	0	0	0
383	1	0	1	0	0	1	0	0	0	0	0	1	0	1	0	0	1	0	0	0
384	0	0	0	0	0	0	0	0	0	0	0	0	0	1	0	0	0	0	0	0
385	1	1	1	1	1	1	0	0	1	0	0	1	0	0	0	0	1	0	0	1
386	0	0	1	0	0	1	1	0	0	0	0	0	0	1	0	0	1	0	0	0
387	0	0	0	0	0	0	0	0	0	0	0	0	0	1	0	0	0	0	0	0
388	1	0	1	0	1	1	0	0	0	0	0	0	0	0	0	0	1	0	0	1
389	1	0	1	1	0	1	0	0	0	0	0	0	0	0	0	0	1	0	0	1
390	0	0	0	0	0	0	0	0	0	1	0	0	0	0	0	0	0	0	1	0
391	1	0	1	0	1	1	0	0	0	0	0	0	0	0	0	0	0	0	0	1
392	1	0	1	0	0	1	0	0	0	0	0	1	0	0	0	0	1	0	0	1
393	0	0	0	0	0	0	0	0	0	0	0	0	1	1	0	0	0	0	0	0
394	1	0	1	1	0	1	0	0	0	0	0	0	0	0	0	0	1	0	0	1
395	1	0	1	0	1	1	0	0	0	0	0	0	0	0	0	0	1	0	0	1
396	0	0	0	0	0	0	0	0	0	1	0	0	0	1	0	0	0	0	0	0
397	1	0	1	1	0	1	0	0	0	0	0	0	0	0	0	0	1	0	0	1
398	1	0	1	0	1	1	0	0	0	0	0	0	0	1	0	0	0	0	0	0
399	0	0	0	0	0	0	0	0	0	0	0	0	1	1	0	0	1	1	0	0
400	1	0	1	0	0	0	0	0	0	0	0	0	0	0	0	0	0	0	0	1
401	1	0	1	1	0	1	0	0	0	0	0	0	0	0	0	0	1	0	0	1
402	0	0	0	0	0	0	0	0	0	1	0	0	0	1	0	0	0	0	0	0
403	0	1	0	0	1	0	0	0	1	0	0	1	0	1	0	0	1	0	0	0
404	0	0	0	0	0	0	0	0	0	0	0	0	0	0	0	0	0	0	0	1
405	1	0	1	1	0	1	0	0	0	0	0	0	0	0	0	0	1	0	0	1
406	1	0	0	0	0	0	0	0	0	0	0	0	0	1	0	0	0	0	0	0
407	0	0	1	0	1	1	0	0	0	0	0	0	0	0	0	0	0	0	0	1
408	1	0	0	0	0	0	0	0	0	1	0	0	0	1	0	0	0	0	0	0
409	1	0	1	1	0	1	0	0	0	0	0	0	0	0	0	0	1	0	0	1
410	0	0	1	0	1	1	0	0	0	0	0	0	0	0	0	0	0	0	0	1
411	0	0	0	0	0	0	0	0	0	0	0	0	0	1	0	0	0	0	0	0
412	1	0	1	0	0	1	0	0	0	0	0	0	0	1	0	0	1	0	0	0
413	0	1	1	1	1	1	0	0	1	0	0	1	0	1	0	0	1	0	0	0
414	1	0	0	0	0	0	0	0	0	1	0	0	1	0	0	0	0	0	0	1
415	1	0	1	0	0	1	0	0	0	0	0	1	0	1	0	0	1	0	0	0
416	0	0	1	0	1	1	0	0	0	0	0	0	0	0	0	0	0	0	0	1
417	1	0	0	0	0	0	0	0	0	0	0	1	0	0	0	0	0	0	0	1
418	1	0	1	1	0	1	1	0	0	0	0	0	0	0	0	1	1	0	0	1
419	0	0	0	0	1	0	0	0	0	0	0	1	1	1	0	0	0	0	0	0
420	0	0	1	0	0	1	0	0	0	0	0	0	0	1	0	0	1	0	0	0
421	0	0	0	0	0	0	0	0	0	1	0	0	0	1	0	0	0	0	0	0
422	1	0	1	1	0	1	0	0	0	0	0	0	0	0	0	0	1	0	0	1
423	1	0	1	0	1	1	0	0	0	0	0	0	0	0	0	0	1	0	0	1
424	0	0	0	0	0	0	0	0	0	0	0	0	0	1	0	0	0	0	0	0
425	1	0	1	0	0	1	0	0	0	0	0	1	0	1	0	0	1	0	0	0
426	1	1	1	1	1	1	0	0	1	0	0	1	0	0	0	0	1	0	0	1
427	0	0	0	0	0	0	0	0	0	0	0	0	0	0	0	0	0	0	0	1
428	1	0	1	0	0	1	0	0	0	0	0	1	0	1	0	0	1	0	0	0
429	0	0	1	0	0	0	0	0	0	0	0	0	0	1	0	0	1	1	0	0
430	0	0	0	0	0	1	0	0	0	0	0	0	0	1	0	1	1	0	0	0
431	1	0	0	0	1	0	0	0	0	0	0	0	0	0	0	0	0	0	0	1
432	1	0	1	1	0	1	0	0	0	0	0	0	0	0	0	0	1	0	0	1
433	0	0	1	0	0	0	0	0	0	0	0	1	0	0	0	0	1	0	0	1
434	1	0	0	0	1	0	0	0	0	0	0	0	1	1	0	0	0	0	0	0
435	0	0	1	0	0	1	0	0	0	0	0	1	0	1	0	0	1	0	0	0
436	1	0	1	1	0	1	0	0	0	0	0	0	0	0	0	0	1	0	0	1
437	1	1	0	0	1	0	0	0	1	1	0	1	0	1	0	0	1	0	0	0
438	0	0	1	0	0	1	0	0	0	0	0	0	0	1	0	0	1	0	0	0
439	0	0	0	0	0	0	0	0	0	0	0	0	0	0	0	0	0	0	0	1
440	1	0	1	1	0	1	0	0	0	0	0	0	0	0	0	0	1	0	0	1
441	0	0	1	0	0	1	0	0	0	0	0	1	0	1	0	0	1	0	0	0
442	0	0	0	0	0	0	0	0	0	0	0	0	0	1	0	0	0	1	0	0
443	1	0	1	0	1	1	0	0	0	0	0	0	0	0	0	0	0	0	0	1
444	1	0	1	0	0	1	0	0	0	0	0	1	1	1	0	1	1	0	0	0
445	0	0	0	0	0	0	0	0	0	1	0	0	0	1	0	0	1	0	0	0
446	1	0	1	0	1	1	0	0	0	0	0	0	0	0	0	0	0	0	0	1
447	0	0	1	1	0	1	0	0	0	0	0	1	0	0	0	0	1	0	0	1
448	1	0	0	0	0	0	0	0	0	0	0	0	0	0	0	0	0	0	0	1
449	0	1	1	0	1	1	0	0	1	0	0	1	0	1	0	0	1	0	0	0
450	0	0	1	0	0	1	1	0	0	0	0	0	0	1	0	0	1	0	0	0
451	0	0	0	0	0	0	0	0	0	1	0	0	0	1	0	0	0	0	0	0
452	1	0	1	0	1	1	0	0	0	0	0	0	0	0	0	0	0	0	0	1
453	1	0	1	1	0	1	0	0	0	0	0	0	0	0	0	0	1	0	0	1
454	0	0	0	0	0	0	0	0	0	0	0	0	0	1	0	0	0	0	0	0
455	1	0	1	0	1	1	0	0	0	0	0	0	0	0	0	0	0	0	0	1
456	1	0	1	0	0	1	0	0	0	0	0	1	0	1	0	0	1	0	0	0
457	0	0	0	0	0	0	0	0	0	0	0	0	0	1	0	0	0	0	0	0
458	1	0	1	1	0	1	0	0	0	0	0	0	0	0	0	0	1	0	0	1
459	0	0	1	0	0	1	0	0	0	0	0	0	0	1	0	0	1	0	0	0
460	1	1	0	0	1	0	0	0	1	1	0	1	0	1	0	0	1	0	0	0
461	0	0	1	0	0	1	0	0	0	0	0	0	0	1	0	0	1	0	0	0
462	1	0	1	1	0	1	0	0	0	0	0	0	0	0	0	0	1	0	0	1
463	0	0	0	0	0	0	0	0	0	0	0	0	1	0	0	0	0	0	0	1
464	1	0	1	0	0	1	0	0	0	0	0	1	0	1	0	0	1	0	0	0
465	0	0	1	0	1	1	0	0	0	0	0	0	0	0	0	0	0	0	0	1
466	1	0	0	0	0	0	0	0	0	1	0	0	1	1	0	0	1	0	0	0
467	1	0	1	1	0	1	0	0	0	0	0	0	0	0	0	0	1	0	0	1
468	0	0	0	0	1	0	0	0	0	0	0	0	0	1	0	0	0	0	0	0
469	0	0	1	0	0	1	0	0	0	0	0	1	0	1	0	0	1	0	0	0
470	0	0	0	0	0	0	0	0	0	0	0	0	1	0	0	0	0	0	0	1
471	1	0	1	1	0	1	0	0	0	0	0	0	0	0	0	0	1	0	0	1
472	1	0	1	0	0	1	0	0	0	0	0	1	0	1	0	0	0	0	0	0
473	0	1	0	0	1	0	0	0	1	1	0	1	0	0	0	0	1	0	1	0
474	1	0	1	0	0	1	0	0	0	0	0	0	0	1	0	0	1	0	0	0
475	1	0	1	1	0	1	0	0	0	0	0	1	0	1	0	1	1	0	0	0
476	0	0	0	0	1	0	0	0	0	0	0	0	1	1	0	0	0	0	0	0
477	0	0	0	0	0	1	0	0	0	0	0	0	0	1	0	0	1	0	0	0
478	1	0	1	0	0	1	0	0	0	0	0	1	0	1	0	0	1	0	0	0
479	1	0	0	0	0	0	0	0	0	1	0	0	0	1	0	0	0	0	0	0
480	0	0	0	0	1	0	0	0	0	0	0	0	1	1	0	0	0	0	0	0
481	1	0	1	1	0	1	1	0	0	0	0	0	0	0	1	1	1	0	0	1
482	1	0	1	0	1	1	0	0	0	0	0	0	0	1	0	0	0	0	0	0
483	0	0	0	0	0	0	0	0	0	0	0	0	0	1	0	0	0	0	0	0
484	1	0	1	0	0	0	0	0	0	0	0	0	1	1	0	0	0	1	0	0
485	0	1	0	0	1	1	0	0	1	0	0	1	0	1	0	0	1	0	0	0
486	0	0	0	0	0	0	0	0	0	1	0	0	0	1	0	0	0	0	0	0
487	1	0	1	0	0	1	0	0	0	0	0	0	0	1	0	0	1	0	0	0
488	1	0	1	0	1	1	0	0	0	0	0	0	0	1	0	0	0	0	0	0
489	0	0	0	0	0	0	0	0	0	0	0	0	0	1	0	0	0	0	0	0
490	1	0	1	0	0	1	0	0	0	0	0	0	0	1	0	0	1	0	0	0
491	1	0	1	0	1	1	0	0	0	0	0	0	0	1	0	0	0	0	0	0
492	0	0	0	0	0	0	0	0	0	1	0	0	1	0	0	0	0	0	0	0
493	0	0	0	0	0	0	0	0	0	0	0	0	0	1	0	0	0	0	0	0
494	1	0	1	0	1	1	0	0	0	0	0	0	0	1	0	0	0	0	0	0
495	0	0	0	0	0	0	0	0	0	0	0	0	0	1	0	0	0	0	0	0
496	0	0	0	0	0	0	0	0	0	0	0	0	0	1	0	0	0	0	0	0
497	1	1	0	0	1	0	0	0	1	0	0	1	1	1	0	0	1	0	0	0
498	1	0	1	0	0	0	0	0	0	0	0	0	0	1	0	0	0	1	0	0
499	0	0	0	0	0	0	0	0	0	0	0	1	0	1	0	0	0	0	0	0
500	1	0	1	0	1	1	0	0	0	0	0	0	0	1	0	0	0	0	0	0
501	0	0	0	0	0	0	0	0	0	0	0	1	0	1	0	0	0	0	0	0
502	1	0	1	0	0	1	1	0	0	0	0	0	0	0	1	1	1	0	0	0
503	1	0	1	0	1	1	0	0	0	0	0	0	0	1	0	0	0	0	0	0
504	0	0	0	0	0	0	0	0	0	1	0	0	0	1	0	0	0	0	0	0
505	1	0	1	0	0	0	0	1	0	0	0	1	0	1	0	0	1	1	0	0
506	1	0	0	0	1	0	0	0	0	0	0	0	1	1	0	0	0	0	0	0
507	0	0	0	0	0	0	0	0	0	0	0	0	0	1	0	0	0	0	0	0
508	0	0	1	0	0	1	0	0	0	0	0	1	0	1	0	0	1	0	0	0
509	1	0	1	0	1	1	0	0	0	0	0	0	0	1	0	0	0	0	0	0
510	0	0	0	0	0	0	0	0	0	0	0	0	0	1	0	0	0	0	0	0
511	1	1	1	1	1	1	0	0	1	0	0	1	0	0	0	0	1	0	1	0
512	1	0	1	0	0	1	0	0	0	0	0	0	0	1	0	0	1	0	0	0
513	0	0	0	0	0	0	0	0	0	0	0	0	0	1	0	0	0	0	0	0
514	1	0	1	0	1	1	0	0	0	0	0	0	0	1	0	0	0	0	0	0
515	1	0	0	0	0	0	0	0	0	0	0	0	0	1	0	0	0	0	0	0
516	0	0	0	0	0	0	0	0	0	0	0	0	0	1	0	0	0	0	0	0
517	1	0	1	0	1	1	0	0	0	0	0	0	0	1	0	0	0	0	0	0
518	0	0	0	0	0	0	0	0	0	0	0	0	0	1	0	0	0	0	0	0
519	1	0	1	0	0	1	0	0	0	0	0	1	0	0	0	0	0	0	0	0
520	1	0	0	0	0	0	0	0	0	0	0	0	0	1	0	0	0	0	0	0
521	0	1	1	1	1	1	0	0	1	0	0	1	0	1	0	0	1	1	0	0
522	0	0	0	0	0	1	0	0	0	0	0	0	1	1	0	1	1	0	0	0
523	1	0	0	0	0	0	0	0	0	0	0	1	0	1	0	0	0	0	0	0
524	0	0	1	0	1	1	0	0	0	0	0	0	0	1	0	0	0	0	0	0
525	1	0	0	0	0	0	0	0	0	0	0	1	0	1	0	0	0	0	0	0
526	1	0	1	0	0	1	0	0	0	0	0	0	0	1	0	0	1	0	0	0
527	0	0	1	0	1	1	1	0	0	0	0	0	0	0	1	1	1	0	0	0
528	0	0	0	0	0	0	0	0	0	1	0	0	0	1	0	0	0	0	0	0
529	0	0	1	0	0	0	0	0	0	0	0	0	0	1	0	0	0	1	0	0
530	1	0	1	0	1	1	0	0	0	0	0	0	0	1	0	0	0	0	0	0
531	1	0	0	0	0	0	0	0	0	0	0	0	0	1	0	0	0	0	0	0
532	0	0	0	0	0	1	0	0	0	0	0	0	0	1	0	0	0	0	0	0
533	1	0	1	0	1	1	0	0	0	0	0	0	0	1	0	0	0	0	0	0
534	0	0	0	0	0	0	0	0	0	1	0	0	0	1	0	0	0	0	0	0
535	1	1	1	1	1	1	0	0	1	0	0	1	0	0	0	0	1	0	0	0
536	1	0	0	0	0	0	0	0	0	0	0	0	1	1	0	0	0	0	0	0
537	0	0	0	0	0	0	0	0	0	0	0	0	0	1	0	0	0	0	0	0
538	1	0	1	0	1	1	0	0	0	0	0	0	0	1	0	0	0	0	0	0
539	1	0	1	1	0	1	0	0	0	0	0	0	0	1	0	0	1	0	0	0
540	0	0	0	0	0	0	0	0	0	0	0	0	0	1	0	0	0	0	0	0
541	1	0	1	0	1	1	0	0	0	0	0	0	0	1	0	0	0	0	0	0
542	1	0	0	0	0	0	0	0	0	1	0	1	0	1	0	0	0	0	0	0
543	0	0	0	0	0	0	0	0	0	0	0	0	0	1	0	0	0	0	0	0
544	1	0	1	0	1	1	0	0	0	0	0	0	0	1	0	0	0	0	0	0
545	1	0	0	0	0	0	0	0	0	0	0	0	1	1	0	0	0	0	0	0
546	0	0	1	0	0	1	0	0	0	0	0	1	0	0	1	1	1	0	0	0
547	1	1	1	1	1	1	0	0	1	0	0	1	0	1	0	0	1	0	0	0
548	0	0	0	0	0	0	0	0	0	0	0	0	0	1	0	0	0	0	0	0
549	1	0	1	0	0	1	0	0	0	0	0	1	0	0	0	0	0	0	0	0
550	1	0	0	0	1	0	0	0	0	0	0	0	1	1	0	0	0	0	0	0
551	0	0	0	0	0	0	0	0	0	0	0	0	0	1	0	0	0	0	0	0
552	1	0	1	0	1	1	0	0	0	0	0	0	0	1	0	0	0	0	0	0
553	1	0	0	0	0	0	0	0	0	1	0	0	0	1	0	0	0	0	0	0
554	0	0	0	0	0	0	0	0	0	0	0	1	1	1	0	0	0	0	0	0
555	1	0	1	0	1	1	0	0	0	0	0	0	0	1	0	0	0	0	0	0
556	1	0	0	0	0	0	0	0	0	0	0	0	0	1	0	0	0	0	0	0
557	0	0	0	0	0	1	0	0	0	0	0	0	0	0	0	0	1	0	0	0
558	1	1	0	0	1	0	0	0	1	0	0	1	1	1	0	0	1	0	0	0
559	0	0	0	0	0	0	0	0	0	1	0	0	0	1	0	0	0	0	0	0
560	1	0	0	0	0	0	0	0	0	0	0	0	0	1	0	0	0	1	0	0
561	1	0	1	0	1	1	0	0	0	0	0	0	0	1	0	0	0	0	0	0
562	0	0	0	0	0	1	1	0	0	0	0	0	1	1	0	1	1	0	0	0
563	1	0	0	0	0	0	0	0	0	0	0	0	0	1	0	0	0	0	0	0
564	1	0	1	0	1	1	0	0	0	0	0	0	0	1	0	0	0	0	0	0
565	0	0	0	0	0	0	0	0	0	1	0	0	0	1	0	0	0	0	0	0
566	1	0	1	1	0	1	0	0	0	0	0	1	0	0	1	0	1	0	0	1
567	1	0	1	0	1	1	0	0	0	0	0	0	0	1	0	0	0	0	0	0
568	0	0	0	0	0	0	0	0	0	0	0	0	0	1	0	0	0	0	0	0
569	1	0	1	0	0	0	0	0	0	0	0	0	1	1	0	0	0	1	0	0
570	1	0	1	0	1	1	0	0	0	0	0	0	0	1	0	0	0	0	0	0
571	0	0	0	0	0	0	0	0	0	1	0	0	0	1	0	0	0	0	0	0
572	0	0	0	0	0	0	0	0	0	0	0	0	1	1	0	0	1	0	0	0
573	1	0	1	0	1	1	0	0	0	0	0	0	0	1	0	0	0	0	0	0
574	1	1	1	1	1	1	0	0	1	0	0	1	0	0	0	0	1	0	0	0
575	0	0	0	0	0	0	0	0	0	0	0	0	1	1	0	0	0	0	0	0
576	0	0	1	0	0	0	0	0	0	0	0	0	0	1	0	0	0	1	0	0
577	0	0	0	0	0	0	0	0	0	1	0	0	0	1	0	0	0	0	0	0
578	1	0	1	0	1	1	0	0	0	0	0	0	0	1	0	0	0	0	0	0
579	0	0	0	0	0	0	0	0	0	0	0	0	1	1	0	0	0	0	0	0
580	0	0	0	0	0	0	0	0	0	0	0	0	0	1	0	0	0	0	0	0
581	1	0	1	0	1	1	0	0	0	0	0	0	0	1	0	0	0	0	0	0
582	1	0	1	1	0	1	0	0	0	0	0	0	0	0	0	0	1	0	1	0
583	0	0	0	0	0	0	0	0	0	0	0	0	0	1	0	0	0	0	0	0
584	1	0	1	0	1	1	0	0	0	0	0	0	0	1	0	0	0	0	0	0
585	0	0	0	0	0	0	0	0	0	1	0	0	0	1	0	0	0	0	0	0
586	1	0	0	0	0	0	0	0	0	0	0	0	0	1	0	0	0	0	0	0
587	1	1	0	0	1	0	0	0	1	0	0	1	1	1	0	0	1	0	0	0
588	0	0	1	0	0	1	0	0	0	0	0	0	0	1	0	0	1	0	0	0
589	0	0	0	0	0	0	0	0	0	0	0	0	0	1	0	0	0	0	0	0
590	1	0	1	0	1	1	0	0	0	0	0	0	0	1	0	0	0	0	0	0
591	1	0	1	1	0	1	1	0	0	0	0	0	0	0	1	0	1	0	0	1
592	0	0	0	0	0	0	0	0	0	1	0	0	0	1	0	0	0	0	0	0
593	0	0	1	0	1	1	0	0	0	0	0	0	0	1	0	0	0	0	0	0
594	1	0	0	0	0	0	0	0	0	0	0	0	0	1	0	0	0	0	0	0
595	0	0	0	0	0	0	0	0	0	0	0	0	0	1	0	0	0	0	0	0
596	1	0	1	0	1	1	0	0	0	0	0	0	0	1	0	0	0	0	0	0
597	1	0	0	0	0	0	0	0	0	0	0	1	0	1	0	0	0	0	0	0
598	0	0	0	0	0	0	0	0	0	0	0	0	0	1	0	0	1	0	0	0
599	1	0	1	0	1	1	0	0	0	0	0	0	0	1	0	0	0	0	0	0
600	0	0	0	0	0	0	0	0	0	1	0	0	0	0	0	0	0	0	0	0
601	1	0	1	1	0	1	0	1	1	0	0	1	0	0	0	1	1	1	0	0
602	1	0	0	0	1	0	0	0	0	0	0	0	0	0	0	0	0	0	0	0
603	0	0	0	0	0	0	0	0	0	0	0	0	0	0	0	0	0	0	0	0
604	1	0	0	0	0	0	0	0	0	0	0	0	0	0	0	0	1	0	0	0
605	1	0	1	0	1	1	0	0	0	0	0	0	0	1	0	0	0	0	0	0
606	0	0	0	0	0	0	0	0	0	0	0	0	0	1	0	0	0	0	0	0
607	1	0	1	1	0	1	0	1	1	0	0	1	0	0	0	1	1	1	0	0
608	1	0	1	0	1	1	0	0	0	0	0	0	0	1	0	0	0	0	0	0
609	0	0	0	0	0	0	0	0	0	0	0	0	0	1	0	0	0	0	0	0
610	1	0	1	0	0	1	0	0	0	0	0	1	0	0	0	0	1	0	0	0
611	1	0	1	1	0	1	0	0	0	0	0	0	0	0	0	0	1	0	0	0
612	0	0	0	0	0	0	0	0	0	1	0	0	0	0	0	0	0	0	0	0
613	1	0	1	0	1	1	0	0	0	0	0	0	0	1	0	0	0	0	0	0
614	0	0	0	0	0	0	0	0	0	0	0	0	0	0	0	0	0	0	0	0
615	1	0	1	0	0	0	0	0	0	0	0	0	0	0	0	0	0	1	0	0
616	1	0	1	1	0	1	0	0	0	0	0	1	0	0	0	1	1	0	0	0
617	0	0	0	0	0	0	0	0	0	0	0	0	1	0	0	0	0	0	0	0
618	1	1	0	0	1	1	0	0	1	0	0	1	0	0	0	0	1	0	0	0
619	0	0	0	0	0	0	1	0	0	1	0	0	0	0	0	0	0	0	0	0
620	1	0	1	1	0	1	0	1	1	0	0	1	0	0	0	1	1	1	0	0
621	1	0	1	0	1	1	0	0	0	0	0	0	0	1	0	0	0	0	0	0
622	0	0	0	0	0	0	0	0	0	0	0	0	0	1	0	0	0	0	0	0
623	1	0	1	0	1	1	0	0	0	0	0	0	0	1	0	0	0	0	0	0
624	1	0	1	0	0	1	0	0	0	0	0	1	0	0	0	0	1	0	0	0
625	0	0	0	0	0	0	0	0	0	1	0	0	0	0	0	0	0	0	0	0
626	1	0	1	0	1	1	0	0	0	0	0	0	0	1	0	0	0	0	0	0
627	1	0	1	1	0	1	0	0	1	0	0	0	0	0	0	1	1	1	0	0
628	0	0	0	0	0	0	0	0	0	0	0	0	1	1	0	0	0	0	0	0
629	0	0	1	0	1	1	0	0	0	0	0	0	0	1	0	0	0	0	0	0
630	1	0	0	0	0	0	0	0	0	0	0	0	0	1	0	0	0	0	0	0
631	1	0	1	0	0	0	0	1	0	0	0	1	0	0	0	0	1	1	0	0
632	0	1	0	0	1	0	0	0	1	0	0	1	1	0	0	1	1	0	0	0
633	1	0	0	0	0	0	0	0	0	1	0	0	0	0	0	0	0	0	0	0
634	1	0	1	0	0	1	0	0	0	0	0	0	0	0	0	0	1	0	0	0
635	0	0	0	0	1	1	0	0	0	0	0	0	0	1	0	0	1	0	0	0
636	0	0	1	0	0	0	0	0	0	0	0	1	0	1	0	0	0	0	0	0
637	1	0	0	0	0	0	0	0	0	0	0	0	0	1	0	0	0	0	0	0
638	1	0	1	0	1	1	0	0	0	0	0	0	0	1	0	0	0	0	0	0
639	0	0	0	0	0	0	0	0	0	1	0	0	0	1	0	0	0	0	0	0
640	1	0	1	1	0	1	0	1	1	0	0	1	0	0	0	1	1	1	0	0
641	0	0	0	0	0	1	1	0	0	0	0	0	0	0	0	0	0	0	0	0
642	1	0	1	0	0	0	0	0	0	0	0	0	0	0	0	0	0	1	0	0
643	1	0	1	0	1	1	0	0	0	0	0	0	0	1	0	0	0	0	0	0
644	0	0	0	0	0	1	0	0	0	0	0	0	0	1	0	0	0	0	0	0
645	0	0	0	0	0	0	0	0	0	1	0	0	0	1	0	0	0	0	0	0
646	1	1	1	1	1	1	0	0	1	0	0	1	0	0	0	0	1	0	1	0
647	1	0	1	0	0	1	0	0	0	0	0	0	0	0	0	0	0	0	0	0
648	0	0	0	0	0	0	0	0	0	0	0	0	1	1	0	0	0	0	0	0
649	1	0	1	0	1	1	0	0	0	0	0	0	0	1	0	0	0	0	0	0
650	1	0	1	1	0	1	0	1	1	0	0	1	0	0	0	1	1	1	0	0
651	0	0	0	0	0	0	0	0	0	1	0	0	0	1	0	0	0	0	0	0
652	1	0	1	0	1	1	0	0	0	0	0	0	0	1	0	0	0	0	0	0
653	1	0	0	0	0	0	0	0	0	0	0	0	0	1	0	0	0	0	0	0
654	0	0	1	1	0	1	0	0	0	0	0	0	0	0	0	0	1	0	0	0
655	1	0	1	0	0	0	0	0	0	0	0	0	1	0	0	0	0	1	0	0
656	1	0	0	0	0	0	0	0	0	0	0	0	0	0	0	0	0	0	0	0
657	0	1	0	0	1	0	0	0	1	0	0	1	0	0	0	0	1	0	0	0
658	1	0	1	1	0	1	0	0	0	0	0	0	0	0	0	0	1	0	0	0
659	1	0	0	0	0	0	0	0	0	1	0	0	0	1	0	0	0	0	0	0
660	0	0	0	0	0	1	0	0	0	0	0	0	0	1	0	0	0	0	0	0
661	1	0	1	0	1	1	0	0	0	0	0	0	0	1	0	0	0	0	0	0
662	1	0	1	0	0	0	0	1	0	0	0	1	0	0	0	0	1	1	0	0
663	0	0	0	0	0	0	0	0	0	0	0	0	0	1	0	0	0	0	0	0
664	1	0	1	0	1	1	0	0	0	0	0	0	0	1	0	0	0	0	0	0
665	1	0	1	0	0	1	0	0	0	0	0	1	1	0	0	1	1	0	0	0
666	0	0	0	0	0	0	0	0	0	0	0	0	0	0	0	0	0	0	0	0
667	1	1	1	1	1	1	0	0	1	0	0	1	0	1	1	0	1	0	0	0
668	0	0	0	0	0	1	1	0	0	0	0	0	0	0	0	0	0	0	0	0
669	1	0	1	0	0	0	0	0	0	0	0	0	0	0	0	0	0	1	0	0
670	1	0	0	0	0	0	0	0	0	1	0	0	0	0	0	0	0	0	0	0
671	0	0	1	0	1	1	0	0	0	0	0	0	0	1	0	0	1	0	0	0
672	1	0	0	0	0	0	0	0	0	0	0	0	0	0	0	0	0	0	0	0
673	1	0	1	1	0	1	0	1	1	0	0	1	0	0	0	1	1	1	0	0
674	0	0	1	0	1	1	0	0	0	0	0	0	0	1	0	0	0	0	0	0
675	0	0	0	0	0	0	0	0	0	0	0	0	0	1	0	0	0	0	0	0
676	1	0	1	0	0	1	0	0	0	0	0	1	0	0	0	0	1	0	0	0
677	1	0	1	0	1	1	0	0	0	0	0	0	0	1	0	0	0	0	0	0
678	0	0	0	0	0	0	0	0	0	0	0	0	1	0	0	0	1	0	0	0
679	1	0	1	1	0	1	0	1	1	0	0	1	0	0	0	1	1	1	0	0
680	1	0	1	0	1	1	0	0	0	0	0	0	0	1	0	0	0	0	0	0
681	0	0	0	0	0	0	0	0	0	0	0	1	0	1	0	0	0	0	0	0
682	1	0	1	0	1	1	0	0	0	0	0	0	0	1	0	0	0	0	0	0
683	1	0	1	0	0	1	0	0	0	0	0	0	0	0	0	0	1	0	0	0
684	0	0	0	0	0	0	0	0	0	1	0	1	0	0	0	0	0	0	0	0
685	1	0	1	0	1	1	0	0	0	0	0	0	0	1	0	0	0	0	0	0
686	1	0	1	0	0	0	0	0	0	0	0	0	0	0	0	0	0	1	0	0
687	0	0	0	0	0	1	0	0	0	0	0	0	0	1	0	1	1	0	0	0
688	1	0	1	0	1	1	0	0	0	0	0	0	0	1	0	0	0	0	0	0
689	1	0	0	0	0	0	0	0	0	0	0	1	1	0	0	0	1	0	0	0
690	0	0	0	0	0	0	0	0	0	1	0	0	0	0	0	0	0	0	0	0
691	1	0	1	1	0	1	0	1	1	0	0	1	0	0	0	1	1	1	0	0
692	1	0	1	0	1	1	0	0	0	0	0	0	0	1	0	0	0	0	0	0
693	0	0	0	0	0	0	0	0	0	0	0	0	0	1	0	0	0	0	0	0
694	1	0	0	0	0	0	0	0	0	0	0	1	1	1	0	0	0	0	0	0
695	0	0	1	0	1	1	0	0	0	0	0	0	0	1	0	0	0	0	0	0
696	0	0	0	0	0	0	1	0	0	1	0	0	0	0	0	0	0	0	0	0
697	1	0	1	1	0	1	0	1	1	0	0	1	0	0	0	1	1	1	0	0
698	1	0	1	0	1	1	0	0	0	0	0	0	0	1	0	0	0	0	0	0
699	0	0	0	0	0	0	0	0	0	0	0	0	0	0	0	0	0	0	0	0
700	0	0	1	0	0	1	0	0	0	0	0	0	0	0	0	0	1	0	0	0
701	1	1	1	1	1	1	0	0	1	0	0	1	0	0	0	1	1	0	0	0
702	0	0	0	0	0	0	0	0	0	1	0	0	0	0	0	0	0	0	0	0
703	1	0	0	0	0	0	0	0	0	0	0	1	0	0	0	0	1	0	0	0
704	0	0	1	0	1	1	0	0	0	0	0	0	0	1	0	0	0	0	0	0
705	1	0	1	1	0	1	0	0	0	0	0	0	0	0	0	0	1	0	0	0
706	1	0	0	0	0	0	0	0	0	0	0	1	0	0	0	0	0	0	0	0
707	0	0	0	0	0	0	0	0	0	0	0	0	0	1	0	0	0	0	0	0
708	1	0	1	0	1	1	0	0	0	0	0	0	0	1	0	0	0	0	0	0
709	1	0	1	1	0	1	0	1	1	0	0	1	0	0	0	1	1	1	0	0
710	0	0	0	0	0	0	0	0	0	0	0	0	0	1	0	0	0	0	0	0
711	1	0	1	0	1	1	0	0	0	0	0	0	0	1	0	0	0	0	0	0
712	1	0	1	0	0	1	0	0	0	0	0	1	0	1	0	1	1	0	0	0
713	0	0	0	0	0	0	0	0	0	1	0	0	0	0	0	0	0	0	0	0
714	1	0	1	1	0	1	0	0	0	0	0	1	0	0	0	0	1	0	0	0
715	0	0	1	0	1	1	0	0	0	0	0	0	0	1	0	0	0	0	0	0
716	1	0	0	0	0	0	0	0	0	0	0	0	0	0	0	0	1	0	0	0
717	0	0	1	0	0	1	0	0	0	0	0	1	0	1	0	0	1	0	0	0
718	1	0	0	0	1	0	0	0	0	0	0	0	1	1	0	0	0	0	0	0
719	1	0	1	1	0	1	0	1	1	0	0	1	0	0	0	1	1	1	0	0
720	0	0	0	0	0	0	0	0	0	0	0	0	0	0	0	0	0	0	0	0
721	1	0	0	0	1	0	0	0	0	0	0	1	0	1	0	0	0	0	0	0
722	0	0	1	0	0	1	1	0	0	0	0	0	0	1	0	0	1	0	0	0
723	1	0	0	0	0	0	0	0	0	1	0	1	0	0	0	0	1	0	0	0
724	0	0	1	0	1	1	0	0	0	0	0	0	0	1	0	0	0	0	0	0
725	1	0	1	0	0	1	0	0	0	0	0	1	0	0	0	0	1	0	0	0
726	1	0	0	0	0	0	0	0	0	0	0	0	0	1	0	0	0	0	0	0
727	0	0	1	0	1	1	0	0	0	0	0	0	0	1	0	0	0	0	0	0
728	1	0	1	1	0	1	0	1	1	0	0	1	0	0	0	1	1	1	0	0
729	0	0	0	0	0	0	0	0	0	0	0	0	0	1	0	0	1	0	0	0
730	1	0	1	0	1	1	0	0	0	0	0	0	0	1	0	0	0	0	0	0
731	0	0	0	0	0	0	0	0	0	1	0	0	0	0	0	0	0	0	1	0
732	1	0	0	0	0	0	0	0	0	0	0	1	0	0	0	0	0	0	0	0
733	1	0	1	0	1	1	0	0	0	0	0	0	0	1	0	0	0	0	0	0
734	0	0	0	0	0	0	0	0	0	0	0	0	1	1	0	0	0	0	0	0
735	1	0	1	1	0	1	0	0	1	0	0	0	0	0	0	1	1	1	0	0
736	0	0	1	0	1	1	0	0	0	0	0	0	0	1	0	0	0	0	0	0
737	1	0	0	0	0	0	0	0	0	1	0	0	1	1	0	0	0	0	0	0
738	0	0	0	0	0	0	0	0	0	0	0	1	0	0	0	0	0	0	0	0
739	0	0	0	0	1	1	0	0	0	0	0	0	0	1	0	0	1	0	0	0
740	1	0	1	0	0	1	0	0	0	0	0	1	0	0	0	0	1	0	0	0
741	1	0	1	0	0	0	0	0	0	0	0	0	1	0	0	0	0	1	0	0
742	0	0	0	0	0	0	0	0	0	0	0	0	0	0	0	0	0	0	0	0
743	1	1	1	0	1	0	0	0	1	1	0	1	0	0	0	0	1	0	0	0
744	0	0	0	0	0	0	0	0	0	0	0	0	0	0	0	0	0	0	0	0
745	1	0	1	1	0	1	0	1	1	0	0	1	0	0	0	1	1	1	0	0
746	1	0	1	0	1	1	0	0	0	0	0	0	0	1	0	0	0	0	0	0
747	0	0	0	0	0	0	0	0	0	0	0	0	0	1	0	0	0	0	0	0
748	1	0	1	0	0	1	0	0	0	0	0	1	0	0	0	0	1	0	0	0
749	1	0	1	0	1	0	0	0	0	0	0	0	1	0	0	0	0	0	0	0
750	0	0	0	0	0	0	1	0	0	1	0	0	0	0	0	0	0	0	0	0
751	1	0	1	0	0	1	0	0	0	0	0	0	0	0	0	0	1	0	0	0
752	1	0	0	0	0	0	0	0	0	0	0	1	0	0	0	0	1	0	0	0
753	0	0	1	0	1	1	0	0	0	0	0	0	0	1	0	0	0	0	0	0
754	1	0	1	1	0	1	0	1	1	0	0	1	0	0	0	1	1	1	0	0
755	1	0	0	0	0	0	0	0	0	0	0	0	0	0	0	0	0	0	0	0
756	0	1	0	0	1	0	0	0	1	1	0	1	0	0	0	0	1	0	0	0
757	1	0	1	0	0	1	0	0	0	0	0	0	0	0	0	0	0	0	0	0
758	1	0	1	1	0	1	0	0	0	0	0	1	0	0	0	0	1	0	0	0
759	0	0	0	0	0	0	0	0	0	0	0	0	0	1	0	0	0	0	0	0
760	1	0	1	0	1	1	0	0	0	0	0	0	0	1	0	0	0	0	0	0
761	1	0	1	0	0	0	0	0	0	0	0	0	0	0	0	0	0	1	0	0
762	0	0	0	0	0	0	0	0	0	0	0	0	1	1	0	0	0	0	0	0
763	1	0	1	0	1	1	0	0	0	0	0	0	0	1	0	0	0	0	0	0
764	1	0	1	1	0	1	0	1	0	0	0	1	0	0	0	0	1	0	0	0
765	0	0	0	0	0	0	0	0	0	1	0	0	0	0	0	0	0	0	0	0
766	0	1	0	0	1	0	0	0	1	0	0	1	0	0	0	0	1	0	0	0
767	1	0	1	0	0	0	0	0	0	0	0	0	1	0	0	0	0	1	0	0
768	0	0	0	0	0	0	0	0	0	0	0	0	0	1	0	0	0	0	0	0
769	1	0	1	0	1	1	0	0	0	0	0	0	0	1	0	0	0	0	0	0
770	1	0	1	1	0	1	0	0	0	0	0	1	0	0	0	0	1	0	0	0
771	0	0	0	0	0	0	0	0	0	0	0	0	1	1	0	0	1	0	0	0
772	1	0	1	0	1	1	0	0	0	0	0	0	0	1	0	0	0	0	0	0
773	1	0	1	0	0	1	0	0	0	0	0	1	0	0	0	0	1	0	0	0
774	0	0	0	0	0	0	0	0	0	1	0	0	0	0	0	0	0	0	0	0
775	1	0	1	1	0	1	0	1	1	0	0	1	0	0	0	1	1	1	0	0
776	1	0	1	0	1	1	0	0	0	0	0	0	0	1	0	0	0	0	0	0
777	0	0	0	0	0	0	0	0	0	0	0	0	0	1	0	0	1	0	0	0
778	0	0	0	0	0	0	0	0	0	0	0	0	0	1	0	0	0	0	0	0
779	1	0	1	0	1	1	0	0	0	0	0	0	0	1	0	0	0	0	0	0
780	1	0	1	0	0	0	0	0	0	0	0	0	0	0	0	0	0	1	0	0
781	0	0	0	0	0	0	1	0	0	1	0	0	0	0	0	0	0	0	0	0
782	1	1	1	1	1	1	0	0	1	0	0	1	0	0	0	0	1	0	0	0
783	1	0	1	0	0	1	0	0	0	0	0	0	0	0	0	0	0	0	0	0
784	0	0	0	0	0	0	0	0	0	0	0	0	1	1	0	0	0	0	0	0
785	1	0	1	0	1	1	0	0	0	0	0	0	0	1	0	0	0	0	0	0
786	1	0	1	1	0	1	0	1	1	0	0	1	0	0	0	1	1	1	0	0
787	0	0	0	0	0	0	0	0	0	0	0	0	0	1	0	0	0	0	0	0
788	1	0	1	0	1	1	0	0	0	0	0	0	0	1	0	0	0	0	0	0
789	1	0	0	0	0	0	0	0	0	1	0	1	0	0	0	0	1	0	0	0
790	0	0	0	0	0	0	0	0	0	0	0	0	0	0	0	0	0	0	0	0
791	1	0	1	1	0	1	0	0	0	0	0	0	0	0	0	0	1	0	0	0
792	0	1	0	0	1	0	0	0	1	0	0	1	1	1	0	0	1	0	0	0
793	1	0	1	0	0	0	0	0	0	0	0	0	0	0	0	0	0	1	0	0
794	0	0	1	0	0	1	0	0	0	0	0	1	0	1	0	0	1	0	0	0
795	0	0	0	0	0	0	0	0	0	0	0	0	0	1	0	0	0	0	0	0
796	1	0	1	0	1	1	0	0	0	0	0	0	0	1	0	0	0	0	0	0
797	1	0	1	0	0	1	0	0	0	0	0	1	0	0	0	0	1	0	0	0
798	0	0	0	0	0	0	0	0	0	1	0	0	0	0	0	0	0	0	0	0
799	1	0	1	0	1	1	0	0	0	0	0	0	0	1	0	0	0	0	0	0
800	1	0	1	1	0	1	0	1	1	0	0	1	0	0	0	1	1	1	0	0
801	0	0	0	0	0	0	0	0	0	0	0	0	0	1	0	0	0	0	0	0
802	1	0	1	0	1	1	0	0	0	0	0	0	0	1	0	0	0	0	0	0
803	1	0	1	0	0	1	0	0	0	0	0	0	0	1	0	0	1	0	0	0
804	0	0	0	0	0	0	0	0	0	0	0	0	0	1	0	0	0	0	0	0
805	1	0	1	0	1	1	0	0	0	0	0	0	0	1	0	0	0	0	0	0
806	1	0	1	0	0	1	0	0	0	0	0	0	0	1	0	0	1	0	0	0
807	0	0	0	0	0	0	0	0	0	0	0	0	0	1	0	0	0	0	0	0
808	1	1	1	1	1	1	0	0	1	0	0	1	0	0	1	0	1	0	0	1
809	0	0	1	0	0	1	1	0	0	0	0	0	0	1	0	0	1	0	0	0
810	0	0	0	0	0	0	0	0	0	1	0	0	0	1	0	0	0	0	0	0
811	1	0	1	0	1	1	0	0	0	0	0	0	0	1	0	0	0	0	0	0
812	1	0	1	0	0	1	0	0	0	0	0	0	0	1	0	0	1	0	0	0
813	0	0	0	0	0	0	0	0	0	0	0	1	0	1	0	0	0	0	0	0
814	1	0	0	0	1	0	0	0	0	0	0	0	1	1	0	0	0	0	0	0
815	0	0	1	0	0	0	0	0	0	0	0	0	0	1	0	0	0	0	0	0
816	1	0	0	0	0	1	0	0	0	0	0	0	0	0	0	0	1	0	0	0
817	1	0	0	0	1	0	0	0	0	0	0	0	1	1	0	0	0	0	0	0
818	0	0	0	0	0	0	0	0	0	1	0	0	0	1	0	0	0	0	0	0
819	1	0	1	0	1	1	0	0	0	0	0	0	0	1	0	0	0	0	0	0
820	0	0	0	0	0	0	0	0	0	0	0	0	1	1	0	0	0	0	0	0
821	1	0	1	0	0	1	0	0	0	0	0	0	0	1	0	0	1	0	0	0
822	0	1	1	1	1	1	0	0	1	0	0	1	0	1	1	0	1	0	0	0
823	0	0	0	0	0	0	0	0	0	0	0	0	0	1	0	0	0	0	0	0
824	1	0	0	0	0	1	0	0	0	0	0	0	0	0	0	0	1	0	0	0
825	1	0	1	0	1	1	0	0	0	0	0	0	0	1	0	0	0	0	0	0
826	0	0	0	0	0	0	0	0	0	0	0	0	0	1	0	0	0	0	0	0
827	1	0	0	0	0	0	0	0	0	1	0	1	0	1	0	0	0	0	0	0
828	1	0	1	0	1	1	0	0	0	0	0	0	0	1	0	0	0	0	0	0
829	0	0	0	0	0	0	0	0	0	0	0	0	0	1	0	0	0	0	0	0
830	1	0	1	0	0	1	0	0	0	0	0	1	0	1	0	1	1	0	0	0
831	1	0	1	0	1	1	0	0	0	0	0	0	0	1	0	0	0	0	0	0
832	0	0	0	0	0	0	0	0	0	0	0	0	1	1	0	0	0	0	0	0
833	1	0	1	0	0	1	0	0	0	0	0	0	0	1	0	0	1	0	0	0
834	1	1	1	1	1	1	0	0	1	0	0	1	0	0	0	0	1	0	1	0
835	0	0	0	0	0	0	0	0	0	0	0	0	1	1	0	0	0	0	0	0
836	1	0	1	0	0	1	0	0	0	0	0	0	0	1	0	0	1	0	0	0
837	1	0	1	0	1	1	0	0	0	0	0	0	0	1	0	0	0	0	0	0
838	0	0	0	0	0	0	0	0	0	1	0	0	0	1	0	0	0	0	0	0
839	1	0	1	0	0	1	0	0	0	0	0	0	0	1	0	0	1	0	0	0
840	1	0	1	0	1	1	0	0	0	0	0	0	0	1	0	0	0	0	0	0
841	0	0	0	0	0	0	0	0	0	0	0	0	0	0	0	0	1	0	0	0
842	1	0	1	1	0	1	0	1	0	0	0	1	0	1	0	1	1	0	0	0
843	1	0	1	0	1	1	0	0	0	0	0	0	0	1	0	0	0	0	0	0
844	0	0	0	0	0	0	0	0	0	0	0	0	1	1	0	0	0	0	0	0
845	1	0	1	0	0	1	0	0	0	0	0	1	0	0	0	0	0	0	0	0
846	1	0	0	0	0	0	0	0	0	1	0	0	0	1	0	0	0	0	0	0
847	0	0	0	0	0	0	0	0	0	0	0	0	1	1	0	0	0	0	0	0
848	1	1	1	0	1	1	0	0	1	0	0	1	0	1	0	0	1	0	0	0
849	1	0	0	0	0	0	0	0	0	0	0	0	0	1	0	0	0	0	0	0
850	0	0	1	0	0	1	1	0	0	0	0	0	0	1	0	0	1	0	0	0
851	1	0	1	0	1	1	0	0	0	0	0	0	0	1	0	0	0	0	0	0
852	0	0	0	0	0	0	0	0	0	1	0	0	1	1	0	0	0	0	0	0
853	1	0	1	1	0	1	0	0	0	0	0	1	0	1	0	0	1	0	0	0
854	1	0	1	0	1	1	0	0	0	0	0	0	0	0	0	0	1	0	0	0
855	0	0	0	0	0	0	0	0	0	0	0	0	0	1	0	0	0	1	0	0
856	1	0	0	0	0	0	0	0	0	0	0	0	0	1	0	0	0	0	0	0
857	1	0	1	0	1	1	0	0	0	0	0	0	0	1	0	0	0	0	0	0
858	0	0	1	0	0	1	0	0	0	0	0	0	0	1	0	0	1	0	0	0
859	1	0	0	0	0	0	0	0	0	1	0	1	1	1	0	0	0	0	0	0
860	1	0	1	0	1	1	0	0	0	0	0	0	0	1	0	0	0	0	0	0
861	0	0	0	0	0	1	0	0	0	0	0	0	0	0	0	0	1	0	0	0
862	0	0	1	0	0	0	0	0	0	0	0	0	0	1	0	0	0	1	0	0
863	1	0	0	0	0	0	0	0	0	0	0	1	0	1	0	0	0	0	0	0
864	1	0	1	0	1	1	0	0	0	0	0	0	0	1	0	0	0	0	0	0
865	0	0	0	0	0	0	0	0	0	1	0	0	0	1	0	0	0	0	0	0
866	1	0	1	0	1	1	0	0	0	0	0	0	0	1	0	0	0	0	0	0
867	0	0	1	0	0	1	0	0	0	0	0	1	0	0	0	0	1	0	0	0
868	0	0	0	0	0	0	0	0	0	0	0	0	0	1	0	0	0	0	0	0
869	1	0	1	0	1	1	0	0	0	0	0	0	0	1	0	0	0	0	0	0
870	0	0	1	0	0	1	0	0	0	0	0	1	0	1	0	0	1	0	0	0
871	1	0	0	0	0	0	0	0	0	0	0	0	0	1	0	0	0	0	0	0
872	1	1	0	0	1	0	0	0	1	0	0	1	1	1	0	0	1	0	0	0
873	0	0	0	0	0	0	0	0	0	0	0	0	0	1	0	0	0	0	0	0
874	0	0	0	0	0	0	0	0	0	0	0	0	0	1	0	0	0	0	0	0
875	1	0	1	0	1	1	0	0	0	0	0	0	0	0	0	0	0	0	0	0
876	0	0	0	0	0	0	0	0	0	0	0	0	1	1	0	0	0	0	0	0
877	1	0	1	0	0	1	0	0	0	0	0	0	0	1	0	0	1	0	0	0
878	1	0	1	0	1	1	0	0	0	0	0	0	0	1	0	0	0	0	0	0
879	0	0	0	0	0	0	0	0	0	0	0	0	1	1	0	0	0	0	0	0
880	1	0	1	0	0	1	0	0	0	0	0	1	0	1	0	0	1	0	0	0
881	0	0	0	0	0	0	0	0	0	0	0	0	0	1	0	0	0	0	0	0
882	1	1	1	0	1	1	0	0	1	0	0	1	0	1	0	0	1	0	0	0
883	0	0	0	0	0	1	0	0	0	0	0	0	0	0	0	0	1	0	0	0
884	1	0	0	0	0	0	0	0	0	1	0	0	0	1	0	0	0	0	0	0
885	0	0	1	0	1	1	0	0	0	0	0	0	0	1	0	0	0	0	0	0
886	0	0	0	0	0	1	0	0	0	0	0	0	0	1	0	0	1	0	0	0
887	0	0	0	0	0	0	0	0	0	0	0	0	1	1	0	0	1	1	0	0
888	1	0	1	0	1	1	0	0	0	0	0	0	0	1	0	0	0	0	0	0
889	0	0	1	0	0	1	1	0	0	0	0	0	0	1	0	0	1	0	0	0
890	0	0	0	0	0	0	0	0	0	1	0	0	1	1	0	0	0	0	0	0
891	1	0	1	0	1	1	0	0	0	0	0	0	0	1	0	0	0	0	0	0
892	1	0	1	1	0	1	0	0	0	0	0	0	0	0	0	0	1	0	0	0
893	0	0	0	0	0	0	0	0	0	0	0	0	0	1	0	0	0	0	0	0
894	1	0	1	0	1	1	0	0	0	0	0	0	0	1	0	0	0	0	0	0
895	1	0	0	0	0	0	0	0	0	0	0	1	0	1	0	0	0	0	0	0
896	0	0	0	0	0	0	0	0	0	1	0	0	0	1	0	0	0	0	0	0
897	0	0	0	0	0	0	0	0	0	0	0	0	0	1	0	0	0	0	0	0
898	1	0	1	0	1	1	0	0	0	0	0	0	0	0	0	0	1	0	0	0
899	1	0	1	0	0	1	0	0	0	0	0	0	0	1	0	0	1	0	0	0
900	0	0	0	0	0	0	0	0	0	0	0	0	0	1	0	0	0	0	0	0
901	1	1	1	0	1	1	0	0	1	0	0	1	0	1	0	0	1	0	0	0
902	1	0	0	0	0	1	0	0	0	0	0	0	0	1	0	0	0	0	0	0
903	0	0	0	0	0	0	0	0	0	1	0	0	1	1	0	0	0	0	0	0
904	0	0	1	0	1	1	0	0	0	0	0	0	0	0	0	0	0	0	0	0
905	1	0	1	1	0	1	0	0	0	0	0	1	0	1	0	0	1	0	0	0
906	0	0	0	0	0	0	0	0	0	0	0	0	1	1	0	0	0	0	0	0
907	0	0	1	0	1	1	0	0	0	0	0	0	0	1	0	0	0	0	0	0
908	1	0	1	0	0	1	0	0	0	0	0	0	0	1	0	0	1	0	0	0
909	1	0	0	0	0	0	0	0	0	1	0	0	0	1	0	0	1	0	0	0
910	0	0	1	0	1	1	0	0	0	0	0	0	0	1	0	0	0	0	0	0
911	1	0	0	0	0	0	0	0	0	0	0	0	0	1	0	0	0	0	0	0
912	0	0	0	0	0	0	0	0	0	0	0	1	1	0	0	0	1	0	0	0
913	1	0	1	0	1	1	0	0	0	0	0	0	0	1	0	0	0	0	0	0
914	1	0	1	0	0	1	0	0	0	0	0	0	0	1	0	0	1	0	0	0
915	0	0	0	0	0	0	0	0	0	1	0	0	0	1	0	0	0	0	0	0
916	1	0	1	0	1	1	0	0	0	0	0	0	0	1	0	0	0	0	0	0
917	1	0	1	0	0	1	0	0	0	0	0	0	0	1	0	0	1	0	0	0
918	0	0	0	0	0	0	0	0	0	0	0	0	0	1	0	0	0	0	0	0
919	1	0	1	0	0	1	0	0	0	0	0	0	0	1	0	0	1	0	0	0
920	1	1	1	1	1	1	0	0	1	0	0	1	0	0	0	0	1	0	1	0
921	0	0	0	0	0	0	0	0	0	0	0	0	0	1	0	0	0	0	0	0
922	0	0	1	0	0	1	1	0	0	0	0	0	1	1	0	1	1	0	0	0
923	1	0	0	0	0	0	0	0	0	1	0	0	0	1	0	0	0	0	0	0
924	1	0	1	0	1	1	0	0	0	0	0	0	0	1	0	0	0	0	0	0
925	0	0	1	0	0	0	0	0	0	0	0	0	0	1	0	0	0	1	0	0
926	0	0	0	0	0	0	0	0	0	0	0	0	0	1	0	0	1	0	0	0
927	1	0	1	0	0	1	0	0	0	0	0	1	0	1	0	0	1	0	0	0
928	1	0	1	0	1	1	0	0	0	0	0	0	0	1	0	0	0	0	0	0
929	0	0	0	0	0	0	0	0	0	0	0	0	1	1	0	0	0	0	0	0
930	1	0	0	0	0	1	0	0	0	0	0	0	0	1	0	0	0	0	0	0
931	0	0	0	0	1	0	0	0	0	1	0	0	0	0	0	0	0	0	0	0
932	1	0	1	0	0	1	0	0	0	0	0	0	0	1	0	0	1	0	0	0
933	1	1	1	1	1	1	0	0	1	0	0	1	0	1	0	0	1	0	0	0
934	0	0	0	0	0	0	0	0	0	0	0	0	0	1	0	0	0	0	0	0
935	1	0	1	0	0	0	0	0	0	0	0	0	1	1	0	0	0	1	0	0
936	1	0	1	0	1	1	0	0	0	0	0	0	0	1	0	0	0	0	0	0
937	0	0	0	0	0	0	0	0	0	0	0	0	0	1	0	0	0	0	0	0
938	1	0	1	1	0	1	0	0	0	0	0	1	0	1	0	0	1	0	0	0
939	1	0	1	0	1	1	0	0	0	0	0	0	0	1	0	0	0	0	0	0
940	0	0	0	0	0	0	0	0	0	0	0	0	0	1	0	0	0	0	0	0
941	1	0	1	0	0	1	0	0	0	0	0	1	0	0	0	0	1	0	0	0
942	1	0	1	0	1	1	0	0	0	0	0	0	0	1	0	0	0	0	0	0
943	0	0	0	0	0	0	0	0	0	0	0	0	0	1	0	0	0	0	0	0
944	0	0	1	0	0	0	0	0	0	0	0	0	0	1	0	0	0	1	0	0
945	1	1	0	0	1	1	0	0	1	0	0	1	0	1	0	0	1	0	0	0
946	1	0	1	0	0	1	0	0	0	0	0	0	0	1	0	0	1	0	0	0
947	0	0	0	0	0	0	0	0	0	1	0	0	0	1	0	0	0	0	0	0
948	1	0	1	0	1	1	0	0	0	0	0	0	0	1	0	0	0	0	0	0
949	1	0	1	1	0	1	0	0	0	0	0	1	0	0	0	0	1	0	0	0
950	0	0	0	0	0	0	0	0	0	0	0	0	0	1	0	0	0	0	0	0
951	0	0	1	0	1	1	0	0	0	0	0	0	0	1	0	0	0	0	0	0
952	1	0	0	0	0	0	0	0	0	0	0	0	0	1	0	0	1	0	0	0
953	0	0	1	0	0	1	1	0	0	0	0	0	0	0	0	0	1	0	0	0
954	1	0	1	0	1	1	0	0	0	0	0	0	0	1	0	0	0	0	0	0
955	1	0	0	0	0	0	0	0	0	1	0	1	0	1	0	0	0	0	0	0
956	0	0	0	0	0	0	0	0	0	0	0	0	0	1	0	0	0	0	0	0
957	1	0	1	0	1	1	0	0	0	0	0	0	0	0	0	0	0	0	0	0
958	0	0	0	0	0	0	0	0	0	0	0	0	1	1	0	0	0	0	0	0
959	1	0	1	0	1	1	0	0	0	0	0	0	0	1	0	0	0	0	0	0
960	1	0	1	1	0	1	0	0	0	0	0	0	0	1	0	0	1	0	0	0
961	0	0	0	0	0	0	0	0	0	0	0	0	1	1	0	0	0	0	0	0
962	1	0	1	0	1	1	0	0	0	0	0	0	0	1	0	0	0	0	0	0
963	0	0	0	0	0	0	0	0	0	1	0	0	0	1	0	0	0	0	0	0
964	1	0	1	0	0	1	0	0	0	0	0	0	0	1	0	0	1	0	0	0
965	1	0	1	0	1	1	0	0	0	0	0	0	0	0	0	0	0	0	0	0
966	0	0	0	0	0	0	0	0	0	0	0	0	0	1	0	0	0	0	0	0
967	1	0	0	0	0	0	0	0	0	0	0	0	0	1	0	0	0	0	0	0
968	1	1	0	0	1	0	0	0	1	0	0	1	1	1	0	0	1	0	0	0
969	0	0	1	0	0	0	0	0	0	0	0	0	0	1	0	0	0	1	0	0
970	1	0	1	0	0	1	0	0	0	0	0	0	0	1	0	0	1	0	0	0
971	1	0	0	0	1	0	0	0	0	0	0	0	1	1	0	0	0	0	0	0
972	0	0	0	0	0	0	0	0	0	1	0	0	0	1	0	0	0	0	0	0
973	1	0	1	0	0	1	0	0	0	0	0	1	0	0	0	0	0	0	0	0
974	1	0	1	0	1	1	0	0	0	0	0	0	0	1	0	0	0	0	0	0
975	0	0	0	0	0	0	0	0	0	0	0	1	0	1	0	0	1	0	0	0
976	1	0	0	0	0	0	0	0	0	0	0	0	0	1	0	0	0	0	0	0
977	0	0	1	0	1	1	0	0	0	0	0	0	0	1	0	0	0	0	0	0
978	0	0	1	0	0	1	0	0	0	0	0	0	1	1	0	0	1	0	0	0
979	0	0	0	0	0	0	0	0	0	0	0	0	0	1	0	0	0	0	0	0
980	1	0	1	0	0	1	0	0	0	0	0	1	0	1	0	0	1	0	0	0
981	1	0	1	0	1	1	0	0	0	0	0	0	0	1	0	0	0	0	0	0
982	0	0	0	0	0	0	0	0	0	1	0	0	0	1	0	0	0	0	0	0
983	1	0	0	0	0	1	1	0	0	0	0	0	0	0	0	1	1	0	0	0
984	0	0	1	0	1	1	0	0	0	0	0	0	0	1	0	0	0	0	0	0
985	0	0	0	0	0	0	0	0	0	0	0	0	0	1	0	0	0	0	0	0
986	0	0	0	0	0	0	0	0	0	0	0	0	0	1	0	0	1	0	0	0
987	1	0	1	0	1	1	0	0	0	0	0	0	0	1	0	0	0	0	0	0
988	0	0	0	0	0	0	0	0	0	0	0	0	0	1	0	0	0	0	0	0
989	0	0	0	0	0	0	0	0	0	1	0	0	0	1	0	0	0	0	0	0
990	0	1	1	1	1	1	0	0	1	0	0	1	0	0	0	0	1	0	1	0
991	1	0	1	0	0	1	0	0	0	0	0	0	0	1	0	0	1	0	0	0
992	0	0	0	0	0	0	0	0	0	0	0	0	0	1	0	0	0	0	0	0
993	1	0	1	0	1	1	0	0	0	0	0	0	0	1	0	0	0	0	0	0
994	0	0	0	0	0	1	0	0	0	0	0	0	0	1	0	0	1	0	0	0
995	1	0	1	0	0	0	0	1	0	0	0	1	0	1	0	0	1	1	0	0
996	1	0	1	0	1	1	0	0	0	0	0	0	0	1	0	0	0	0	0	0
